16.429,0.0075939,0.026757,-0.016315
16.508,0.0095984,0.029246,-0.015458
16.587,0.010921,0.031792,-0.017163
16.665,0.012594,0.034692,-0.01884
16.743,0.012827,0.037958,-0.020324
16.821,0.014328,0.041384,-0.023982
16.9,0.015268,0.045151,-0.024852
16.979,0.016126,0.049121,-0.027274
17.058,0.015616,0.053221,-0.026951
17.136,0.014415,0.05733,-0.029847
17.214,0.014537,0.061467,-0.027989
17.291,0.014005,0.06535,-0.028381
17.368,0.013618,0.069112,-0.029568
17.444,0.014102,0.072976,-0.027048
17.521,0.014429,0.076582,-0.027012
17.598,0.01543,0.08011,-0.026805
17.676,0.015132,0.083731,-0.024978
17.753,0.015073,0.08716,-0.021815
17.83,0.01543,0.090376,-0.020462
17.91,0.015468,0.093711,-0.020156
17.992,0.018129,0.096993,-0.018714
18.073,0.01861,0.10039,-0.021038
18.152,0.02105,0.10409,-0.020047
18.231,0.022062,0.1079,-0.021781
18.31,0.022112,0.11178,-0.024414
18.388,0.021857,0.11574,-0.026153
18.466,0.022895,0.11994,-0.025881
18.545,0.024539,0.12411,-0.026054
18.623,0.024508,0.12852,-0.028945
18.703,0.024898,0.13303,-0.028085
18.784,0.026435,0.13742,-0.026921
18.865,0.025935,0.14178,-0.029105
18.945,0.026235,0.14627,-0.029419
19.025,0.024613,0.15073,-0.032139
19.106,0.02514,0.15533,-0.029482
19.187,0.024345,0.15998,-0.026756
19.266,0.0241,0.16458,-0.027139
19.345,0.023411,0.16902,-0.026608
19.424,0.022832,0.17348,-0.02865
19.503,0.022945,0.17801,-0.024909
19.582,0.022432,0.18216,-0.024984
19.661,0.022586,0.18621,-0.025584
19.741,0.022005,0.19031,-0.024507
19.821,0.021255,0.19423,-0.024681
19.901,0.021168,0.19811,-0.0222
19.982,0.01945,0.20159,-0.024499
20.063,0.019838,0.20505,-0.025584
20.144,0.019439,0.20851,-0.023395
20.226,0.019758,0.2117,-0.024619
20.308,0.019228,0.21497,-0.021387
20.389,0.019541,0.21792,-0.024527
20.471,0.019198,0.22128,-0.024435
20.55,0.018577,0.22461,-0.025163
20.632,0.017895,0.22791,-0.025951
20.717,0.017761,0.23131,-0.02265
20.8,0.018277,0.23435,-0.020652
20.881,0.018711,0.23746,-0.019869
20.963,0.018939,0.24046,-0.017496
21.045,0.018867,0.24328,-0.016162
21.127,0.018364,0.246,-0.01356
21.207,0.018213,0.24851,-0.015128
21.288,0.017615,0.25122,-0.012986
21.37,0.017048,0.25364,-0.012979
21.451,0.016118,0.25603,-0.0091724
21.532,0.016062,0.25803,-0.0093892
21.613,0.016099,0.26009,-0.0083813
21.693,0.015561,0.26218,-0.0088272
21.773,0.015349,0.26424,-0.0044588
21.854,0.01542,0.26596,-0.0044291
21.935,0.015529,0.26767,-0.0058129
22.015,0.015196,0.26959,-0.0024389
22.096,0.014848,0.27117,0.0016051
22.176,0.014933,0.27235,0.0037225
22.255,0.015964,0.2734,0.0047913
22.334,0.016455,0.27441,0.0045675
22.414,0.016326,0.27557,0.0095218
22.492,0.01659,0.27634,0.007633
22.571,0.016171,0.27728,0.0093198
22.649,0.016587,0.2781,0.0084743
22.73,0.016405,0.27898,0.010086
22.814,0.016933,0.27976,0.013192
22.896,0.017032,0.28035,0.0105
22.977,0.017422,0.28125,0.012867
23.057,0.017062,0.28198,0.013386
23.138,0.017393,0.2826,0.017165
23.218,0.017155,0.28297,0.018063
23.298,0.017188,0.28322,0.018079
23.379,0.01646,0.28343,0.020814
23.459,0.016268,0.28335,0.0205
23.539,0.016523,0.28328,0.040565
23.619,0.015505,0.28166,0.020621
23.7,0.015044,0.28154,0.021232
23.78,0.014714,0.28136,0.025059
23.86,0.013861,0.28081,0.02454
23.94,0.014077,0.28025,0.024684
24.019,0.012838,0.27978,0.025139
24.099,0.013148,0.27922,0.025189
24.179,0.01326,0.2787,0.025126
24.259,0.012705,0.27818,0.025705
24.339,0.012648,0.27751,0.029247
24.419,0.011778,0.27659,0.01167
24.499,0.012754,0.27703,0.032133
24.579,0.012168,0.27593,0.035114
24.66,0.012594,0.27451,0.033247
24.741,0.013161,0.27327,0.034307
24.822,0.012573,0.27198,0.035668
24.903,0.013391,0.27048,0.036252
24.984,0.012813,0.26897,0.037228
25.064,0.013244,0.26734,0.040334
25.145,0.013891,0.26548,0.041668
25.227,0.014177,0.26364,0.039829
25.309,0.014613,0.26193,0.040826
25.395,0.01368,0.26015,0.03819
25.479,0.014021,0.25845,0.036082
25.562,0.013752,0.25692,0.038879
25.645,0.013379,0.25513,0.038375
25.727,0.013526,0.25331,0.038174
25.809,0.013114,0.25148,0.038098
25.892,0.012869,0.24964,0.039548
25.975,0.011882,0.2476,0.037627
26.058,0.011995,0.24565,0.035545
26.141,0.011467,0.24383,0.03702
26.224,0.010862,0.24181,0.036557
26.308,0.011409,0.23976,0.040416
26.394,0.011367,0.23746,0.041113
26.478,0.010983,0.23509,0.03815
26.566,0.011171,0.23292,0.038696
26.658,0.010734,0.2307,0.038823
26.749,0.010143,0.22844,0.037991
26.845,0.010819,0.22617,0.036245
26.942,0.010287,0.22409,0.037684
27.036,0.010234,0.22179,0.03746
27.129,0.010088,0.2195,0.03838
27.22,0.010491,0.2171,0.038612
27.312,0.009796,0.21444,0.037275
27.404,0.0094114,0.21181,0.035517
27.497,0.0093573,0.20928,0.038122
27.588,0.0085887,0.20648,0.033547
27.725,0.0081788,0.20405,0.033185
27.866,0.0082867,0.20157,0.032716
27.965,0.0076331,0.19912,0.032282
28.064,0.0081544,0.19664,0.030662
28.163,0.0077193,0.19436,0.029556
28.262,0.0077236,0.19214,0.026884
28.36,0.0073123,0.19017,0.024991
28.459,0.0072567,0.18858,0.024939
28.558,0.0071423,0.18698,0.025189
28.657,0.0074377,0.18537,0.022794
28.758,0.0072321,0.18402,0.025484
28.857,0.0076369,0.18233,0.022783
28.957,0.0074533,0.18098,0.023144
29.056,0.0074523,0.17957,0.02119
29.157,0.0075998,0.17834,0.020558
29.257,0.0074972,0.17723,0.021031
29.356,0.0072675,0.17602,0.020488
29.455,0.0068163,0.17487,0.021107
29.547,0.0065626,0.17361,0.020184
29.631,0.0064104,0.17246,0.018155
29.714,0.0058837,0.17147,0.018362
29.795,0.0058964,0.17043,0.017174
29.877,0.0056719,0.16955,0.018096
29.958,0.00561,0.16855,0.017029
30.039,0.0053179,0.16767,0.017745
30.121,0.0043184,0.16671,0.017564
30.206,0.0041821,0.16565,0.017094
30.295,0.0039898,0.16465,0.018186
30.385,0.0045319,0.16349,0.016913
30.476,0.0046967,0.1625,0.015959
30.565,0.0044667,0.16159,0.016923
30.654,0.0043897,0.16061,0.014817
30.742,0.0045639,0.15979,0.014934
30.827,0.0043542,0.15897,0.013716
30.91,0.0039517,0.15825,0.012923
30.993,0.0043704,0.15756,0.012151
31.075,0.0043935,0.15699,0.01024
31.162,0.0044509,0.15658,0.0095882
31.254,0.0048929,0.15622,0.0087763
31.346,0.0042061,0.15599,0.0080665
31.437,0.0047028,0.15575,0.0074602
31.529,0.004903,0.15561,0.0068446
31.621,0.0045013,0.15554,0.0067527
31.712,0.0045,0.15547,0.0062796
31.804,0.0047965,0.15541,0.0064879
31.896,0.0044684,0.15537,0.0070671
31.987,0.0042129,0.15522,0.0069639
32.079,0.0044573,0.15505,0.0074806
32.171,0.0041902,0.15487,0.0077426
32.262,0.0034273,0.15464,0.0053291
32.354,0.0039294,0.15456,0.0052299
32.446,0.0032713,0.1545,0.0058398
